 222111333 111222333 111222333 111222333 111333222 222111333 111222333 111222333 111222333

 await en los 3
 

111222333
111222333
111222333
111222333
111222333
111222333
111222333
111222333
111222333
111222333
111222333
111222333
111222333
111222333
111222333
111222333
111222333

await 2 y 3

111222333
111222333
111222333
111222333
111222333
111222333
111222333
111222333
111222333
111222333
111222333
111222333
111222333
111222333
111222333
222111333 //copado
111222333
111222333
111222333
111222333
111222333
111222333
222111333
111222333
111222333
111222333
111222333
111222333
111222333
222111333
111222333
111222333
222111333
111222333
111222333
111222333
111222333
111222333
111222333
111222333
111222333
111222333
111222333
111222333
111222333
111222333
111222333